int expand:

24650 | 24142 | 24472 | 24240 | 24452 | 25670 | 24324 | 24934 | 25524 | 23936
12380 |  8834 |  8682 |  8650 |  9464 |  9524 |  9150 |  8712 |  8396 |  8974

24634 / 9277 = 2.66


std::string expand:

117792 | 115506 | 147692 | 115670 | 115432 | 115978 | 116404 | 115796 | 116892 | 117628
 10388 |   9492 |   9978 |   8192 |   8636 |   8538 |  10402 |  10134 |   9886 |   9362

119479 / 9501 = 12.58


int shrink:

12154 | 12554 | 12356 | 12340 | 12290 | 12412 | 12318 | 12906 | 12397 | 12876
 2730 |  1764 |  2054 |  1920 |  1992 |  1878 |  1824 |  1854 |  1856 |  1954

12460 / 1983 = 6.28


std::string shrink:

92140 | 87100 | 91216 | 93266 | 117312 | 92704 | 116548 | 85180 | 90478 | 87596
 2578 |  2562 |  2534 |  2116 |   2246 |  2202 |   2676 |  2576 |  2732 |  2594

95354 / 2482 = 38.42
